29904888
34325072
36768440
37059509
36341691
28802932
36342675
34719504
31604557
30532084
38607054
31604550
30414359
37725455
35894511
31604561
35679630
32818582
3541051
34673938
25003804
24625830
22584158
38728185
34586294
15107732
34162463
38623856
25594420
30565695
38098019
19916845
27745824
35282741
35129037
36169300
28831680
35848020
31479764
38430690
32493457
34266602
35051386
33078674
36208908
36934313
38493734
23638935
24078166
35400704
26003671
24322062
36086905
16733338
12671941
35754288
36689643
33236917
35439251
28282535
31744002
23010543
31291631
30100363
37611509
36053357
35848036
29936148
32753076
33168334
34086764
34810025
8369152
29128987
35377902
36611276
33831865
34666863
25846906
35508569
39127444
25304170
30273697
28878052
29783156
34328564
28242255
9585920
33417193
26867087
37619327
34275910
23263541
24833119
38366763
37470108
33646153
36194902
33935102
28424103
25177842
15177056
39298281
34319482
29940577
28235778
38806701
24136244
18232016
29575306
16928347
30342273
8424850
27427537
33293191
28523222
17110318
25757648
34984501
25545729
25869786
37943054
32675414
31980278
25172126
34117799
25471394
33546569
29548954
24976213
20420483
29925486
33657978
32331947
32310189
33068873
36183864
27734639
25535137
28671131
38522243
33989761
28644998
11532762
11532759
10768458
8094195
37962784
32676768
28550478
37695364
28107525
28477708
22314778
25480568
23965402
32249295
30612044
10627864
32968939
25053174
29470631
30453770
33011622
23948910
28816642
17351535
33404111
30298527
25373810
33422806
21244723
8424852
20945979
29762752
3316502
37355894
22020420
32968130
35986984
24742666
36806051
19134495
22752694
31177212
37424476
29652815
22414849
25614440
26402003
22094386
33359846
38402774
38401301
33769989
38669560
36240083
37940708
26412299
32320406
4031944
19686220
34190430
24637128
21378378
37027897
18606556
26569387
28919173
39043904
21611985
31945302
31011798
33189129
28970540
10434367
30911822
28017216
36002254
36755296
25084842
38007646
17259864
23398350
23597130
21284041
20084814
38615524
37759734
23831930
10336141
15851853
34436553
37243326
35767550
26423603
26484905
30488238
11385001
22082323
20709038
23314063
19047559
35398594
38811023
39216171
17207898
35908177
24792992
32989104
36460474
19783195
33843686
19774531
1992839
2225494
31595376
18270312
27706416
22001456
37258792
20847402
35995594
27735030
33215598
9201769
7899008
34014391
25047369
34180422
27886011
18313370
17715794
33361601
22818527
21611983
12383407
31894565
31506174
22057152
23628669
9547468
34549475
29550854
26148933
25764922
10768457
11959402
22341621
26103667
36098886
25347335
20131383
20547623
16170073
36401656
11398013
37046132
18067173
33781923
4003606
26773700
20083017
27028329
23939345
29107844
29185867
32216773
22079585
22824520
17012338
31531013
32665636
20930316
31864071
31766000
31676975
21251352
2525363
23470887
3399073
25012004
11532760
34507271
29554341
2381506
21193922
35871337
27043005
20669268
36109018
36221040
22832962
20415116
38556445
31053960
37461169
38527709
24769627
11302075
29383614
3976943
17534948
21257733
21638326
38499888
21554187
37963486
17156971
30058142
10964854
30347619
2881151
21109328
9233364
39127119
31242486
38491209
22287381
17876851
9443714
36849448
10855362
38708467
38193689
14594747
28684764
23561981
12707068
17270222
18343969
19401224
21330398
31236405
3632374
29254084
21568971
10678509
36917318
6508242
29037152
17876408
23769725
19593181
36257619
33662859
20666834
25154749
27729202
30902575
30236169
37626243
9056090
8006865
38452143
24200528
24360232
17875380
35491487
12619775
22227345
18435767
2280803
16445161
20736182
16086128
24005726
19042574
12111470
24697954
20378403
11212134
11369675
9613755
15719425
12907591
23146877
19448090
25937615
23435114
30670747
18662205
17299804
17553102
34693486
12799595
17357143
12231459
30895397
23975523
19172623
15711853
2041598
1792139
7606530
20108373
28061384
17911364
22849610
11439274
20714205
20205146
12214131
20842690
20175211
11376468
12703044
15919549
31606429
19329351
19720385
17761724
22364958
24577030
1894145
9929671
10996914
16145988
12666770
15738097
9929677
7851458
24637980
12052777
11949622
19526836
31050946
18619712
25158564
34729923
10675162
22854689
11534516
8022246
1943420
2789687
18620351
14963389
11924461
3339237
1895137
21487981
13113073
17557341
1744650
15347072
19340393
8704071
6718031
16146210
15803579
17130999
10877626
3964215
18268789
11572822
17879615
15818765
134235
2609636
16086127
23871228
19559700
38151574
22192366
25262560
9258893
8057099
26076880
26280301
29529530
27215014
25944089
11385006
10991655
20721915
27703161
18321760
28633628
21287786
9929680
37651040
28543731
15746492
2961789
24488133
22305338
28770710
34491308
10483627
2918904
32830809
23669447
29726318
31676234
15293267
28643854
15548497
12012945
20083801
37084121
34951364
16202482
32232807
11992207
32741361
11901275
33631765
9267974
15345810
38517805
23377435
15098191
25998001
7795461
22749843
18981632
20603494
8022691
36137975
19288596
29704987
22552846
15036403
28653210
36798000
15517435
38016198
11215591
3619712
33436502
19138875
22035024
38376048
22737710
15984022
31555978
34145553
27497596
16259403
15637774
25511329
28530322
35113409
33078369
21287185
19127581
27567887
38251465
29326356
30030773
38016361
29439014
20226731
22624744
32978117
30386933
7324865
17846512
18306414
34121478
9929672
27786242
29233469
26512070
16944352
35694921
12810892
31383472
28802931
22510205
18779429
16769086
39116421
3942798
24158272
22481508
17701389
28326534
38479044
37264675
1985296
22192419
17140156
15290695
18451583
18090718
17464478
29202669
32641719
20858529
32597818
23325906
23000537
36175781
17051999
19633944
33835144
21600591
22608241
15580550
3607528
20211105
18074378
26969629
30566305
26416397
25633674
18097158
33627500
30340975
25986741
29134611
26911386
21978091
18855928
15197709
18353132
28882322
19727902
18809839
14689635
21840242
29332036
30120857
10067775
30890017
22551361
27498392
35292309
25263790
16822349
25925984
24777169
29989795
29804147
34355455
30007334
35841876
23573275
20625084
34823156
21282592
12240739
39218292
27855167
39284855
34704631
24451436
17607095
11216885
25433460
34214869
35599484
12810790
6254709
11259673
4111634
19047569
30121454
25787809
31407692
29082509
30945913
23881622
22362921
17960810
29017573
18718805
38565088
18267240
36596700
21367642
31515655
21753159
32583050
38702902
1776739
32157274
31946823
9855521
15044757
23985416
19951136
30452411
28004533
28776303
17017547
27003780
20464295
31734542
20007465
32925101
15390014
987158
18759359
9613727
26096632
25449044
31451911
5422192
19433741
23037654
22277393
38427259
38844444
25571305
15023103
36184786
37157902
39284050
20724290
18416874
25654880
23042214
32059086
20438207
22843227
32686370
26224038
27678208
15181375
25298306
21055449
33646149
21658728
20687189
20082967
15079034
17854836
19686207
24291850
20187248
1929775
23948901
22102296
23939442
18787880
32522622
12876469
10078723
18304749
25925983
25040401
28802920
19221310
18838952
17681839
26627940
28734065
6463130
19201246
36939310
28039314
36207740
20870956
24796234
24262869
15622540
29922950
34339626
33229546
18555528
17126861
35849713
32864870
33320870
22050951
28802936
28802922
20635186
32176656
37129797
19353591
28463120
15370375
30212740
29683408
26639980
17961138
28554413
28509336
28522171
23279440
20642073
22343138
22442429
19965851
25850354
12885574
27164644
20182024
4363623
20119648
39251058
28644969
25330404
22921250
33415839
23979248
26482690
12522572
28592904
33185454
29070942
17349813
24629799
20694943
24978368
25280862
27003274
9375222
8838785
8309571
23937295
19412948
23696904
2919866
33608800
32925095
30135017
19221308
20586740
11456307
38663633
29304050
20083001
19843648
39113792
18785265
38609979
23938227
29154293
33653273
31863171
21705022
23697298
20198714
19692193
28651678
17954785
16960860
20030239
38570429
28864676
17594326
36537628
18477840
18250955
25546094
30076266
7330739
31028127
20187234
18513119
26810729
18709686
23325899
20887883
25515307
20133956
22722638
24655736
31989535
35588588
39179019
28414538
14504351
25912367
38580172
19686202
25921825
29742909
26616239
33459536
19139305
23419740
1641163
3819760
17519323
23250119
10785834
27103193
33039276
15548552
19341225
24839905
24190794
8185881
18242780
28803382
39352420
35166976
37301657
37805158
35869271
22167416
22712813
25609758
33487544
29477459
20374072
28802919
27888574
28674978
27206870
18581481
22237833
23870619
29438044
17508142
29438043
28878051
22791905
31361367
30337611
29380907
21205673
23100432
884490
27393383
22229594
39137693
28637374
23884929
30895860
24284418
18759360
27606803
3399075
32228206
23299265
29759999
15592726
15597336
21372115
19205070
29759998
30145631
29664936
14245781
570949
32092703
19514014
8778881
38195133
6683381
22762860
20805099
19214935
28802918
26923521
17994582
14231781
19801155
24482154
31816026
20480126
33755262
35180111
30944919
27098668
19364944
29653909
17164076
2215975
24190245
18972547
15465396
37929819
27262147
25916921
26179331
22674288
17027774
35902902
31271464
25511898
1176578
34366379
8928642
27699718
20128674
34088871
33663578
26948859
12619779
21205674
7872154
785935
27063616
33229797
20092558
26776568
26626018
26136625
1538221
31125602
28552865
11453220
12390970
24939002
30738141
24643014
11811747
28906025
23450985
29063713
21846992
1852411
8492953
15253846
22851611
27538667
33606814
27556251
26017214
10091647
36716914
20669288
30465490
20217380
5314096
36702960
30416108
9371905
27706414
30919499
38291474
29936793
1504133
33924222
29914019
19656505
28351487
28969383
29784561
15293269
7834953
3475640
20887877
25934852
10372649
23257936
26122543
31856640
32568206
23762208
23762207
23762206
20209627
15607993
30634006
15690790
19753620
34833401
34958025
12700324
20128670
28856094
25929658
15713851
31703081
32087739
22682755
36038126
11770926
27483429
24252299
29709137
34963564
34383302
17665356
21753163
25914172
33160016
9447504
21301897
29458280
27686631
21517181
23904197
23828833
34096900
7651444
29297712
21075145
16903132
22285107
31713727
25283823
19783257
20727944
18250295
22049439
26837154
18809845
10645703
28276076
9134451
33459707
28424392
19562770
21741995
34536552
24495273
28595287
23250125
27812756
9153598
23066554
1270720
17050264
31935728
27324005
27780720
24413543
5450270
35266981
25228293
29976255
24554308
2938530
33167591
37146370
16609806
18838108
22920863
30515604
19775703
18098296
15312967
31076272
5113181
28011307
1642478
23932763
25569294
26293177
25270839
26946629
22469332
28668282
24035915
25510818
16076406
31847534
6475187
22733427
33711397
27772753
33908332
24596271
38978196
27802235
25101541
20223708
28944467
19569277
9363356
11464953
35027385
32529488
32697344
26556259
20629126
7723526
28805588
28918258
31535271
8309162
26876109
17497563
18852351
27637804
9285449
5364254
29164380
21221623
8477294
20799106
19176961
14570842
18096682
38335267
34837250
31035286
21953531
23722254
14324130
23494678
35886975
28679601
22787790
25369874
174916
23948220
35618982
16467634
17380245
35435041
28576705
9198762
31468077
17400200
38664714
16763975
7493410
26139340
20975277
28112682
21047984
25340511
26940587
28180961
24131749
18702696
32631425
20433414
17204775
26873234
27890451
28174404
32946938
26554955
31221723
7176291
34232538
27641569
10933437
14673578
28504103
25761818
19445966
23903258
34874063
34227728
9929684
3753915
6690766
34348192
30651382
11696028
22834828
22125780
28944464
21861097
30222597
29311370
29311371
33521981
31035288
15911797
25933387
14630447
8156717
23817016
35263848
31019245
7625148
31053753
19728279
11312139
27430424
34900915
34209997
26111003
37414570
23082113
33731679
27697846
11222809
15595933
24179289
14320764
85266
33331085
26081353
27135181
26200050
15314127
33443872
10526195
25313987
16060817
24009736
31104170
34715608
9527894
1957949
24725416
8673478
36702351
32700058
26205974
18814199
26852411
38277878
930141
13894201
15049515
1857494
24286859
4460686
30467777
28299452
32436947
4141909
6531052
25497594
1801759
5043166
6164893
26411940
23175856
26783111
22242365
24278347
5352483
28256108
14984801
14129092
33374894
21187979
18069020
28523557
29874283
1107780
9339337
15056457
14635519
20351282
37541841
23691255
29654189
21970782
4136553
22056384
7059836
26025012
20668197
12446953
30501069
4976972
66751
5444397
18792015
33027749
29772202
5049832
4874926
4354385
4168610
4172869
25773225